# Created by Octave 3.6.3, Mon Aug 11 17:03:52 2014 CEST <maryna@Jeeves.local>
# name: H
# type: matrix
# rows: 11
# columns: 2
 2e-06 2e-06
 8e-06 8e-06
 3.2e-05 3.2e-05
 0.000128 0.000128
 0.000512 0.000512
 0.002048 0.002048
 0.008192 0.008192
 0.032768 0.032768
 0.131072 0.131072
 0.524288 0.524288
 2.097152 2.097152


