# Created by Octave 3.6.3, Mon Aug 11 17:01:24 2014 CEST <maryna@Jeeves.local>
# name: E1L2
# type: matrix
# rows: 11
# columns: 2
 2e-06 6.470991026764409e-05
 8e-06 2.965988542105337e-06
 3.2e-05 2.60272944303517e-07
 0.000128 5.074849653616909e-07
 0.000512 8.137069241802391e-06
 0.002048 0.0001301823852657051
 0.008192 0.002079182385262009
 0.032768 0.03233731023732768
 0.131072 0.3594732247756708
 0.524288 1.457531839258152
 2.097152 1.060835389794303


