# Created by Octave 3.6.3, Mon Aug 11 17:01:43 2014 CEST <maryna@Jeeves.local>
# name: E2L2
# type: matrix
# rows: 11
# columns: 2
 2e-06 6.889486440071603e-05
 8e-06 3.074989335209433e-06
 3.2e-05 2.785584067139319e-07
 0.000128 5.626832094172348e-07
 0.000512 9.022325043985276e-06
 0.002048 0.0001443451568659983
 0.008192 0.002305337549816042
 0.032768 0.03584399551263154
 0.131072 0.3965247265506821
 0.524288 1.582999446108495
 2.097152 1.188421463622379


