# Created by Octave 3.6.3, Sun Aug 17 11:06:13 2014 CEST <maryna@Jeeves.local>
# name: h1
# type: matrix
# rows: 9
# columns: 2
 1 0.004096
 0.25 0.004096
 0.0625 0.001024
 0.015625 0.001024
 0.00390625 0.000256
 0.0009765625 1.6e-05
 0.000244140625 0
 6.103515625e-05 0
 1.52587890625e-05 0


