# Created by Octave 3.6.3, Sun Aug 17 11:06:00 2014 CEST <maryna@Jeeves.local>
# name: h1
# type: matrix
# rows: 9
# columns: 2
 1 0.065536
 0.25 0.016384
 0.0625 0.016384
 0.015625 0.016384
 0.00390625 0.001024
 0.0009765625 0.000256
 0.000244140625 6.4e-05
 6.103515625e-05 1.6e-05
 1.52587890625e-05 0


