# Created by Octave 3.6.3, Sun Aug 17 11:12:59 2014 CEST <maryna@Jeeves.local>
# name: v
# type: matrix
# rows: 9
# columns: 2
 1 100
 0.25 12.5
 0.0625 1.5625
 0.015625 0.1953125
 0.00390625 0.0244140625
 0.0009765625 0.0030517578125
 0.000244140625 0.0003814697265625
 6.103515625e-05 4.76837158203125e-05
 1.52587890625e-05 5.960464477539062e-06


