# Created by Octave 3.6.3, Sun Aug 17 09:53:46 2014 CEST <maryna@Jeeves.local>
# name: p
# type: matrix
# rows: 11
# columns: 2
 4e-06 0.000115553172527568
 1.6e-05 0.0002022071132620159
 6.4e-05 0.002921499535051868
 0.000256 0.07409434209021153
 0.001024 0.5043928736854634
 0.004096 1.219347262626742
 0.016384 0.8498592944696086
 0.065536 0.8836420017181995
 0.262144 1.231585548297774
 1.048576 1.088985296100974
 4.194304 1.483501975915976


