# Created by Octave 3.6.3, Sun Aug 17 09:53:46 2014 CEST <maryna@Jeeves.local>
# name: p
# type: matrix
# rows: 11
# columns: 2
 4e-06 7.177159767051275e-05
 1.6e-05 7.050491842749776e-05
 6.4e-05 7.041818617431562e-05
 0.000256 7.030323200698947e-05
 0.001024 6.860931482066504e-05
 0.004096 9.670058340524711e-05
 0.016384 0.00149531783918542
 0.065536 0.02418642068900615
 0.262144 0.3608715742764488
 1.048576 0.4332444948485752
 4.194304 0.4787781614766589


