# Created by Octave 3.6.3, Sun Aug 17 09:53:46 2014 CEST <maryna@Jeeves.local>
# name: p
# type: matrix
# rows: 11
# columns: 2
 4e-06 0.0001716898372989696
 1.6e-05 0.0001621606563919386
 6.4e-05 0.0001602717465575355
 0.000256 0.0001582240666501075
 0.001024 0.0001393810189745896
 0.004096 0.006950627451554431
 0.016384 0.01360368577503157
 0.065536 0.152797725238109
 0.262144 2.14002370483819
 1.048576 3.44942643485199
 4.194304 2.838121122944969


