# Created by Octave 3.6.3, Sun Aug 17 09:53:46 2014 CEST <maryna@Jeeves.local>
# name: p
# type: matrix
# rows: 11
# columns: 2
 4e-06 0.0003803557842964283
 1.6e-05 0.00584524755946866
 6.4e-05 0.1480671685160183
 0.000256 1.041943493930138
 0.001024 1.561677005019502
 0.004096 2.198526367574259
 0.016384 1.737965512282247
 0.065536 1.754978055448613
 0.262144 1.9535807166494
 1.048576 1.866433344570298
 4.194304 2.121657629910392


