# Created by Octave 3.6.3, Sun Aug 17 09:53:46 2014 CEST <maryna@Jeeves.local>
# name: p
# type: matrix
# rows: 11
# columns: 2
 4e-06 6.36507292030026e-05
 1.6e-05 5.717140461949582e-05
 6.4e-05 5.670730825832515e-05
 0.000256 5.592185421863569e-05
 0.001024 4.295696848813989e-05
 0.004096 0.0001693919776078604
 0.016384 0.003546782971618918
 0.065536 0.05735188191711321
 0.262144 0.8453727471379763
 1.048576 1.841554830448154
 4.194304 1.497238938052218


