# Created by Octave 3.6.3, Sun Aug 17 09:53:46 2014 CEST <maryna@Jeeves.local>
# name: p
# type: matrix
# rows: 11
# columns: 2
 4e-06 2.075561845963344e-05
 1.6e-05 1.74847115609066e-05
 6.4e-05 1.719955314204158e-05
 0.000256 1.697608838731709e-05
 0.001024 1.327270536893098e-05
 0.004096 5.015790135845901e-05
 0.016384 0.0010476493270368
 0.065536 0.01696146215412347
 0.262144 0.256568633037222
 1.048576 0.8942625736243908
 4.194304 0.7950583623843608


