# Created by Octave 3.6.3, Sun Aug 17 09:53:46 2014 CEST <maryna@Jeeves.local>
# name: p
# type: matrix
# rows: 11
# columns: 2
 4e-06 9.007867166470316e-05
 1.6e-05 8.456382155764377e-05
 6.4e-05 0.0001197599782406935
 0.000256 0.001457674513694764
 0.001024 0.03701019238339268
 0.004096 0.2960625454773013
 0.016384 0.3865768906949844
 0.065536 0.4519695170624249
 0.262144 0.9685729807828418
 1.048576 0.7842701310836619
 4.194304 1.272080313147125


