# Created by Octave 3.6.3, Sun Aug 17 09:53:46 2014 CEST <maryna@Jeeves.local>
# name: p
# type: matrix
# rows: 11
# columns: 2
 4e-06 8.313317446449884e-05
 1.6e-05 7.846199890075769e-05
 6.4e-05 7.781232736936757e-05
 0.000256 8.792695394452363e-05
 0.001024 0.0007219247759067599
 0.004096 0.0182259320856007
 0.016384 0.1231229448563598
 0.065536 0.2309129936877385
 0.262144 0.882411946477248
 1.048576 0.6972691739391765
 4.194304 1.201362506856557


