# Created by Octave 3.6.3, Sun Aug 17 09:53:46 2014 CEST <maryna@Jeeves.local>
# name: p
# type: matrix
# rows: 11
# columns: 2
 4e-06 0.0001744809615161302
 1.6e-05 0.0001769341510606538
 6.4e-05 0.007186715398093069
 0.000256 0.01310740553375593
 0.001024 0.01253010599211905
 0.004096 0.05188779277556781
 0.016384 0.01539778377240162
 0.065536 0.1536448090081211
 0.262144 2.149902861985319
 1.048576 3.460741448562997
 4.194304 2.848393749342398


