# Created by Octave 3.6.3, Sun Aug 17 09:53:46 2014 CEST <maryna@Jeeves.local>
# name: p
# type: matrix
# rows: 11
# columns: 2
 4e-06 0.0001706923778222997
 1.6e-05 0.0001609716285305091
 6.4e-05 0.0001588855237496737
 0.000256 0.0001568120838859171
 0.001024 0.0001226578274088492
 0.004096 0.0004381000896449252
 0.016384 0.01014611908960981
 0.065536 0.1502153865586465
 0.262144 2.110266309447986
 1.048576 3.415168829318173
 4.194304 2.807230830856107


