# Created by Octave 3.6.3, Mon Aug 11 17:02:03 2014 CEST <maryna@Jeeves.local>
# name: E2H1
# type: matrix
# rows: 11
# columns: 2
 2e-06 0.0001992147213815076
 8e-06 2.625981749958427e-05
 3.2e-05 9.790190494569841e-05
 0.000128 0.0003915961369322625
 0.000512 0.001566594268362736
 0.002048 0.006279777845001161
 0.008192 0.02595870156111177
 0.032768 0.1454208033271405
 0.131072 1.262517654373322
 0.524288 5.107310617632733
 2.097152 3.318926640126596


