# Created by Octave 3.6.3, Sun Aug 17 11:05:52 2014 CEST <maryna@Jeeves.local>
# name: h1
# type: matrix
# rows: 9
# columns: 2
 1 4.194304
 0.25 0.065536
 0.0625 0.065536
 0.015625 0.065536
 0.00390625 0.004096
 0.0009765625 0.001024
 0.000244140625 0.000256
 6.103515625e-05 1.6e-05
 1.52587890625e-05 4e-06


