# Created by Octave 3.6.3, Sun Aug 17 11:13:29 2014 CEST <maryna@Jeeves.local>
# name: v
# type: matrix
# rows: 9
# columns: 2
 1 150
 0.25 9.375
 0.0625 0.5859375
 0.015625 0.03662109375
 0.00390625 0.002288818359375
 0.0009765625 0.0001430511474609375
 0.000244140625 8.940696716308594e-06
 6.103515625e-05 5.587935447692871e-07
 1.52587890625e-05 3.492459654808044e-08


