# Created by Octave 3.6.3, Sun Aug 17 09:53:46 2014 CEST <maryna@Jeeves.local>
# name: p
# type: matrix
# rows: 11
# columns: 2
 4e-06 0.01136120201375689
 1.6e-05 0.2961794279582622
 6.4e-05 2.419142245940745
 0.000256 3.21958073469626
 0.001024 3.408643818086554
 0.004096 3.777275484737975
 0.016384 3.494840374808085
 0.065536 3.503361250766177
 0.262144 3.606965323236371
 1.048576 3.560451257984806
 4.194304 3.700730575560446


