# Created by Octave 3.6.3, Sun Aug 17 09:53:46 2014 CEST <maryna@Jeeves.local>
# name: p
# type: matrix
# rows: 11
# columns: 2
 4e-06 0.0001608120617747337
 1.6e-05 0.0001537353991398372
 6.4e-05 0.0001503919923135822
 0.000256 0.0001484259222657529
 0.001024 0.0001162522676854348
 0.004096 0.000405903660095133
 0.016384 0.008724652351211148
 0.065536 0.1410277925742129
 0.262144 1.996433129755126
 1.048576 3.281729028313982
 4.194304 2.689501439096989


