# Created by Octave 3.6.3, Sun Aug 17 09:53:46 2014 CEST <maryna@Jeeves.local>
# name: p
# type: matrix
# rows: 11
# columns: 2
 4e-06 2.593431782522155e-06
 1.6e-05 2.047536321730843e-06
 6.4e-05 2.021644376552638e-06
 0.000256 1.991345045214478e-06
 0.001024 1.502062970373511e-06
 0.004096 7.223260349082065e-06
 0.016384 0.0001436488929823045
 0.065536 0.002326466218805759
 0.262144 0.03628423956373816
 1.048576 0.04181115861661579
 4.194304 0.04444448581993411


