# Created by Octave 3.6.3, Sun Aug 17 09:53:46 2014 CEST <maryna@Jeeves.local>
# name: p
# type: matrix
# rows: 11
# columns: 2
 4e-06 0.0001289249740256639
 1.6e-05 0.0001197989322653264
 6.4e-05 0.0001191171965930397
 0.000256 0.0001175500945043567
 0.001024 9.184050830764339e-05
 0.004096 0.0003259674470144573
 0.016384 0.006981951452720966
 0.065536 0.1128400926518438
 0.262144 1.617022744079411
 1.048576 2.817723748762913
 4.194304 2.29950444333738


