# Created by Octave 3.6.3, Sun Aug 17 09:53:46 2014 CEST <maryna@Jeeves.local>
# name: p
# type: matrix
# rows: 11
# columns: 2
 4e-06 0.0001729522271403969
 1.6e-05 0.0001633369030799022
 6.4e-05 0.000161759839192241
 0.000256 0.0001728630367228094
 0.001024 0.004714810397756466
 0.004096 0.03421276548256608
 0.016384 0.01495309379709643
 0.065536 0.1534455625969579
 0.262144 2.147545642809923
 1.048576 3.458041607428539
 4.194304 2.845937559952761


