# Created by Octave 3.6.3, Sun Aug 17 09:53:46 2014 CEST <maryna@Jeeves.local>
# name: p
# type: matrix
# rows: 11
# columns: 2
 4e-06 0.0001648795904085677
 1.6e-05 0.0001559217122472205
 6.4e-05 0.0001649846709301358
 0.000256 0.005277285926732229
 0.001024 0.01069418339529868
 0.004096 0.04921327355660382
 0.016384 0.01531443800454895
 0.065536 0.1536151093825531
 0.262144 2.149439971562986
 1.048576 3.460200701085047
 4.194304 2.847902325547659


