# Created by Octave 3.6.3, Sun Aug 17 09:53:46 2014 CEST <maryna@Jeeves.local>
# name: p
# type: matrix
# rows: 11
# columns: 2
 4e-06 6.406261665666758e-05
 1.6e-05 6.020319430632426e-05
 6.4e-05 5.995132196271979e-05
 0.000256 5.939096391290629e-05
 0.001024 5.055087822647933e-05
 0.004096 0.0001405178117809278
 0.016384 0.002945533260430613
 0.065536 0.04772803324568339
 0.262144 0.6958041570687407
 1.048576 0.7311557025035875
 4.194304 0.9494452929504674


