# Created by Octave 3.6.3, Sun Aug 17 09:53:46 2014 CEST <maryna@Jeeves.local>
# name: p
# type: matrix
# rows: 11
# columns: 2
 4e-06 7.928895442174459e-05
 1.6e-05 7.591079353311706e-05
 6.4e-05 7.483117982466819e-05
 0.000256 7.418965666372603e-05
 0.001024 6.711089673751553e-05
 0.004096 0.0003824856363671996
 0.016384 0.009408930371519651
 0.065536 0.08732833909637426
 0.262144 0.8264578921220704
 1.048576 0.7061106440336405
 4.194304 1.135441401390055


