# Created by Octave 3.6.3, Sun Aug 17 11:13:12 2014 CEST <maryna@Jeeves.local>
# name: v
# type: matrix
# rows: 9
# columns: 2
 1 0.01
 0.25 0.0025
 0.0625 0.000625
 0.015625 0.00015625
 0.00390625 3.90625e-05
 0.0009765625 9.765625e-06
 0.000244140625 2.44140625e-06
 6.103515625e-05 6.103515625e-07
 1.52587890625e-05 1.52587890625e-07


